Run semi-empirical minimization
 &qmmm
    qm_theory='AM1', grms_tol=0.0005,
 scfconv=1.d-10, ndiis_attempts=700,   qmcharge=0,
 /
   6    CN        1.7610       50.4590       84.4030 
   1   HN1        1.9480       49.8040       85.2540 
   1   HN2        1.1860       51.3250       84.7310 
   1   HN3        2.7100       50.7910       83.9840 
   7     N        1.0020       49.7260       83.3790 
   1     H        1.0020       50.2660       82.5250 
   6    CA        0.2500       49.0000       82.3630 
   1    HA        0.3070       49.5360       81.4160 
   6    CB        0.8460       47.5940       82.1920 
   1   HB2        1.5870       47.5100       81.3970 
   1   HB3        1.6910       47.3780       82.8460 
  16    SG       -0.4370       46.3060       82.1660 
   6    CC       -1.2080       48.8850       82.7950 
   1   HC1       -1.3450       47.9700       83.3720 
   1   HC2       -1.8470       48.8580       81.9130 
   1   HC3       -1.4740       49.7450       83.4100 
   6    C1       -0.2870       45.9220       80.3770 
   7    N2       -0.6860       43.5330       80.6570 
   6    C3        0.1750       44.5120       80.2530 
   8    O4        1.2250       44.2820       79.6790 
   1    H5       -1.5030       43.8620       81.1990 
   6    C6       -0.6830       42.1360       80.2990 
   6    C7        0.6040       41.3870       79.9830 
   7    N8        0.6670       40.6390       78.7480 
   6    C9       -0.1380       39.7290       78.3270 
   6   C10       -1.4450       39.4020       78.9180 
   7   N11       -2.1420       38.3140       78.5410 
   6   C12       -3.3500       38.3800       79.1220 
   6   C13       -3.4420       39.5250       79.8900 
   6   C14       -2.2120       40.1820       79.7680 
   6   C15       -1.8930       41.5410       80.2450 
   1   H16       -1.8260       37.5690       77.8790 
   6   C17       -4.6770       39.9420       80.5990 
   6   C18       -5.1130       39.4410       81.8290 
  16   S19       -6.5210       40.2530       82.2570 
   6   C20       -6.5280       41.2100       80.8760 
   7   N21       -5.4800       40.9110       80.0740 
   6   C22       -7.5050       42.2870       80.6040 
   6   C23       -8.4330       42.6280       81.5210 
   6   C24       -9.4370       43.7000       81.2130 
   7   N25       -9.3280       44.2860       79.8970 
   6   C26       -8.3110       43.8650       78.9990 
   7   N27       -7.4740       42.9430       79.3340 
   1   H28       -9.9950       45.0170       79.6080 
   1    H3        0.4240       46.5800       79.9220 
   1    H4       -1.2290       46.0520       79.8860 
   1    H6        1.4070       41.4130       80.6310 
   1    H7        0.1580       39.1810       77.5040 
   1    H8       -4.0990       37.6790       79.0110 
   1    H9       -2.2540       41.5670       81.2520 
   1   H10       -2.3150       42.1010       79.4370 
   1   H11       -4.6500       38.7000       82.3790 
   1   H12       -8.4530       42.1510       82.4360 
   1   H13      -10.4140       43.2750       81.3060 
   1   H14       -9.2480       44.4920       81.9070 
   1   H15       -8.2410       44.3030       78.0670 

