Run semi-empirical minimization
 &qmmm
    qm_theory='AM1', grms_tol=0.0005,
 scfconv=1.d-10, ndiis_attempts=700,   qmcharge=0,
 /
   6    CN        2.4150       50.9480       82.6640 
   1   HN1        2.6840       51.0330       83.7170 
   1   HN2        2.0850       51.9180       82.2930 
   1   HN3        3.2830       50.6180       82.0930 
   7     N        1.3280       49.9700       82.5130 
   1     H        1.3280       50.0600       81.5070 
   6    CA        0.2500       49.0000       82.3630 
   1    HA       -0.3830       49.0210       83.2500 
   6    CB        0.8460       47.5940       82.1920 
   1   HB2        1.5870       47.5100       81.3970 
   1   HB3        1.6910       47.3780       82.8460 
  16    SG       -0.4370       46.3060       82.1660 
   6    CC       -0.5830       49.3520       81.1350 
   1   HC1       -1.6430       49.2810       81.3830 
   1   HC2       -0.3520       48.6570       80.3280 
   1   HC3       -0.3520       50.3680       80.8180 
   6    C1        0.2910       44.6150       81.7910 
   6    C2       -0.2030       43.8300       80.5200 
   7    N3       -0.4450       44.9900       78.2870 
   6    C4       -0.9630       44.6880       79.5250 
   8    O5       -2.0270       45.1700       79.8880 
   1    H6        0.4160       44.5020       77.9990 
   6    C7       -0.9160       46.0780       77.4440 
   6    C8        0.0680       46.8520       76.5770 
   7    N9        0.0180       48.2900       76.5630 
   6   C10       -1.0080       48.9870       76.2290 
   6   C11       -2.3350       48.4220       75.9160 
   7   N12       -3.2320       49.1150       75.1950 
   6   C13       -4.3420       48.3720       75.1020 
   6   C14       -4.1870       47.1790       75.7890 
   6   C15       -2.8870       47.2080       76.3320 
   6   C16       -2.2450       46.2150       77.2400 
   1   H17       -3.0940       50.0600       74.7720 
   6   C18       -5.2780       46.1630       75.8260 
   6   C19       -6.0140       45.6760       74.7400 
  16   S20       -7.1520       44.5780       75.3200 
   6   C21       -6.6890       44.7640       76.9220 
   7   N22       -5.6730       45.6480       77.0270 
   6   C23       -7.3180       44.0830       78.0750 
   6   C24       -8.5640       44.4110       78.4730 
   6   C25       -9.1940       43.7040       79.6360 
   7   N26       -8.3750       42.6880       80.2550 
   6   C27       -7.0690       42.4130       79.7670 
   7   N28       -6.5900       43.0620       78.7590 
   1   H29       -8.7420       42.1580       81.0590 
   1    H3        0.0910       43.9940       82.6390 
   1    H4        1.3190       44.8230       81.5780 
   1    H5        0.6510       43.4170       80.0260 
   1    H7       -0.8820       43.0780       80.8640 
   1    H8        0.7640       46.3500       76.0050 
   1    H9       -0.8970       50.0120       76.1760 
   1   H10       -5.1940       48.6490       74.5900 
   1   H11       -2.5770       45.2590       76.8930 
   1   H12       -2.5390       46.6130       78.1890 
   1   H13       -5.8820       45.9440       73.7520 
   1   H14       -9.0850       45.1500       77.9760 
   1   H15      -10.0950       43.2390       79.2930 
   1   H16       -9.3570       44.4510       80.3850 
   1   H18       -6.4970       41.6860       80.2240 

